210
  -4.332728
  -4.336425
  -4.338341
  -4.338924
  -4.343403
  -4.344819
  -4.349867
  -4.350003
  -4.355400
  -4.356142
  -4.471600
  -4.471995
  -4.483427
  -4.483437
  -4.496930
  -4.497032
  -4.510120
  -4.511969
  -4.524617
  -4.524704
  -4.620988
  -4.621540
  -4.623996
  -4.626655
  -4.629944
  -6.630134
  -6.637882
  -6.638378
  -6.703457
  -6.703457
  -6.717080
  -6.717141
  -6.724052
  -6.727018
  -6.743989
  -6.743993
  -6.748230
  -6.748324
  -6.751028
  -6.751925
  -6.828277
  -6.828390
  -6.839586
  -6.840364
  -6.852438
  -6.852440
  -6.860886
  -6.861336
  -6.866274
  -6.871761
  -6.872163
  -6.878605
  -6.890164
  -6.890728
  -6.916678
  -6.916690
  -6.941983
  -6.941983
  -7.012990
  -7.042421
  -7.043492
  -7.044368
  -7.102689
  -7.106322
  -7.107098
  -7.118740
  -7.118742
  -7.167804
  -7.168666
  -7.172915
  -7.183244
  -7.183249
  -7.193986
  -7.194171
  -7.199647
  -7.205754
  -7.236623
  -7.238241
  -7.240311
  -7.295207
  -7.301430
  -7.302157
  -7.306021
  -7.314006
  -7.314008
  -7.346450
  -7.347443
  -7.350850
  -7.386014
  -7.387858
  -7.389608
  -7.416406
  -7.417325
  -7.420771
  -7.423099
  -7.423173
  -7.444352
  -7.444352
  -7.465621
  -7.466161
  -7.513576
  -7.519934
  -7.538977
  -7.539006
  -7.555055
  -7.555055
  -7.561247
  -7.582448
  -7.582638
  -7.590789
  -7.619533
  -7.625781
  -7.626145
  -7.635454
  -7.635456
  -7.803664
  -7.803664
  -7.915928
  -7.918329
  -7.918329
  -7.933324
  -7.973966
  -8.032433
  -8.032433
  -8.071667
  -8.071667
  -8.155352
  -8.167864
  -8.167864
  -8.170606
  -8.232362
  -8.294058
  -8.294058
  -8.303206
  -8.303398
  -8.305262
  -8.305577
  -8.307342
  -8.307453
  -8.376480
  -8.376480
  -8.381183
  -8.381593
  -8.389226
  -8.389238
  -8.399064
  -8.399064
  -8.436790
  -8.437992
  -8.441261
  -8.446670
  -8.466893
  -8.934985
  -9.059392
  -9.059392
  -9.243724
  -9.243724
  -9.334518
  -9.909300
  -9.909300
  -9.931034
  -9.934826
  -9.934826
  -9.971667
  -9.979419
 -10.849805
 -10.853807
 -10.854779
 -10.888334
 -10.888336
 -10.893970
 -10.894043
 -10.897566
 -10.897766
 -10.931283
 -10.931358
 -10.934245
 -10.934702
 -10.936715
 -10.939790
 -10.971757
 -10.972009
 -10.978281
 -10.980030
 -10.982563
 -10.983386
 -11.005381
 -11.005381
 -11.026096
 -11.026247
 -11.039260
 -11.073385
 -11.097193
 -11.097321
 -11.122315
 -11.664539
 -11.684230
 -11.727582
 -11.727582
 -11.802145
 -11.802145
 -11.898226
 -11.902690
 -11.902690
 -14.319990
 -14.331714
 -14.331714
 -14.443507
 -14.443507
 -17.296868
1

 6.51800000e+02

 4.18925477e-02  2.20647619e-02  1.00229897e-02
 2.69036627e-03  3.01358143e-03  1.13404998e-03
 2.89441538e-03  1.48771126e-03  4.99718935e-04
 4.87383104e-02  3.27322188e-02  9.26739305e-03
 3.24212662e-02  1.37334457e-02  6.50640130e-03
 1.93942967e-02  1.24614424e-02  3.52565953e-03
 1.80405475e-02  7.14065084e-03  3.87662590e-03
 1.34792149e-02  9.06547221e-03  2.95561781e-03
 1.53586342e-03  1.41050904e-03  5.70755527e-04
 2.42994247e-03  1.12866833e-03  8.90786703e-04
 8.68019821e-03  7.54949128e-03  3.40850223e-03
 1.01326753e-02  6.25465073e-03  3.90095651e-03
 2.02905532e-02  1.99134414e-02  7.75493077e-03
 2.41600779e-02  1.75112546e-02  8.10044876e-03
 3.33075606e-02  2.43572074e-02  8.92119078e-03
 2.93586724e-02  2.31401399e-02  7.90394286e-03
 2.40182929e-02  1.40284928e-02  4.46971692e-03
 2.78676568e-02  1.73985129e-02  5.12378204e-03
 9.64099051e-03  5.28720907e-03  1.93405481e-03
 1.07075862e-02  5.69181590e-03  2.11052020e-03
 5.32356608e-02  3.68093557e-02  2.20710863e-02
 8.31194707e-03  7.45454019e-03  2.35857086e-03
 2.04903391e-02  1.37177802e-02  7.40217053e-03
 1.83018543e-03  1.69942208e-03  5.99821632e-04
 1.77995873e-04  1.87301704e-04  1.09644113e-04
 5.11307943e-03  2.39719506e-03  2.99717140e-04
 2.55765135e-04  5.14968214e-04  1.28281977e-04
 2.24743975e-03  7.95757678e-04  2.18598844e-04
 1.35922971e-03  1.49945889e-03  6.69051321e-04
 1.36221938e-03  2.03326135e-03  5.80740321e-04
 2.09952437e-03  3.14273390e-03  9.74258420e-04
 6.31024886e-03  1.93938016e-03  8.65180136e-04
 1.32377868e-03  1.26512061e-03  3.30053190e-04
 3.99999010e-03  6.13357514e-04  2.14415420e-04
 4.18257344e-03  2.95153293e-03  1.08149111e-03
 9.26341430e-03  2.85654251e-03  5.49723697e-04
 3.16515045e-03  1.53645350e-03  4.86720323e-04
 3.17417250e-03  1.80427684e-03  5.07269901e-04
 3.40453657e-04  5.43953522e-04  1.24448426e-04
 1.52433239e-03  3.06276124e-04  2.17005298e-04
 1.54178353e-03  1.78849219e-03  4.57060794e-04
 6.34024902e-04  1.25059926e-03  2.68583953e-04
 8.54063317e-04  1.05264249e-03  1.91646240e-04
 1.60024422e-03  1.31048163e-03  3.64958064e-04
 6.57215103e-03  1.38579737e-03  5.16712461e-04
 4.51046005e-03  2.60804185e-03  4.30719499e-04
 9.11000974e-03  3.07387305e-03  9.15472053e-04
 1.39451593e-03  1.21819586e-03  1.93507155e-04
 1.56696053e-03  6.70010225e-04  2.85717625e-04
 9.92503928e-03  4.39067130e-03  5.13580051e-04
 1.87442020e-03  5.68909352e-04  3.66113541e-04
 2.22753151e-03  1.09165163e-03  1.81277788e-04
 4.08326160e-03  2.14391448e-03  3.14876355e-04
 4.22602514e-03  3.10951370e-03  7.16109136e-04
 4.79349311e-03  2.99952532e-03  7.04058637e-04
 4.47046018e-03  3.57022052e-03  8.66286248e-04
 2.01672073e-03  1.27154287e-03  3.24709638e-04
 1.51949433e-03  1.34458458e-03  4.24317992e-04
 4.47840115e-03  1.35345472e-03  4.24702017e-04
 2.64040251e-03  2.97248006e-03  1.46344680e-03
 6.98221304e-03  1.56513279e-03  5.64620815e-04
 7.56506221e-05  1.65461555e-04  6.24459699e-05
 6.13826760e-03  9.72479728e-04  7.93735497e-04
 1.07236659e-03  1.93941360e-03  6.89519149e-04
 1.19141207e-03  6.18204952e-04  3.22362280e-04
 9.71401412e-04  1.50352759e-03  2.31119457e-04
 1.85092048e-03  7.24340755e-04  4.22890021e-04
 2.89440535e-03  2.32788150e-03  8.10948384e-04
 4.19160344e-04  4.70969792e-04  1.44599950e-04
 5.41423574e-04  4.24127140e-04  1.45227999e-04
 1.91094425e-03  5.50665401e-04  3.14653935e-04
 1.47032362e-03  9.71847452e-04  2.35513868e-04
 2.69474951e-03  1.19761550e-03  2.49393456e-04
 3.06325753e-03  6.20408956e-04  4.01802548e-04
 9.19905202e-04  3.43644334e-04  1.11946277e-04
 1.75642721e-03  5.41479260e-04  2.48844812e-04
 5.70170480e-03  2.93415190e-03  9.65145576e-04
 8.45015459e-04  4.13718931e-04  1.41931384e-04
 1.38662201e-04  7.33410991e-05  2.24412238e-05
 3.27851902e-03  9.79156426e-04  3.97482592e-04
 3.26979946e-03  1.73417870e-03  6.00949057e-04
 2.00481931e-03  8.30013728e-04  3.54248026e-04
 6.05895675e-04  2.94078114e-04  1.05372998e-04
 8.46900875e-04  7.75910527e-04  2.60300310e-04
 1.41754658e-03  4.44507039e-04  2.33599224e-04
 2.87551890e-03  2.98412955e-03  9.88915098e-04
 7.27314979e-04  2.79717480e-04  1.35530141e-04
 3.61804281e-04  2.87971006e-04  1.06376309e-04
 1.80232689e-03  2.24375789e-03  1.33295703e-03
 1.19929726e-03  3.15588955e-04  1.50544299e-04
 9.01618848e-05  7.85509987e-05  2.42609191e-05
 1.97135127e-03  2.08783942e-03  1.19543031e-03
 1.05731104e-03  3.25060662e-04  1.99617142e-04
 3.07485588e-04  6.85434898e-04  1.71406415e-04
 1.68019515e-03  1.29390426e-03  2.86393596e-04
 9.14431435e-04  1.97467189e-03  3.55745221e-04
 4.81385467e-04  1.88287800e-03  4.81576539e-04
 7.59166325e-04  2.08287542e-03  4.94662332e-04
 1.16535288e-03  5.70565353e-04  5.82293741e-04
 9.88650673e-04  7.09375708e-04  4.97908272e-04
 8.88507773e-04  1.27502491e-03  3.69200949e-04
 1.24598499e-03  1.63667550e-03  7.14631783e-04
 8.22596400e-04  1.98122457e-03  9.06983366e-04
 5.87287312e-04  1.36778037e-03  1.12614229e-03
 5.27823102e-04  5.07030370e-04  5.82458551e-04
 6.20482552e-04  5.17687142e-04  4.49920367e-04
 1.59032314e-04  3.66034329e-04  1.97198051e-04
 1.12117910e-03  1.43867852e-03  5.85511294e-04
 1.97995795e-04  6.60509676e-04  4.09003494e-04
 6.64834987e-04  1.21291132e-03  4.80691204e-04
 1.17796968e-03  3.71631354e-03  8.48510322e-04
 1.11077116e-03  8.40440652e-04  1.14827168e-03
 8.74692112e-04  2.21157518e-03  4.82819871e-04
 7.83334047e-04  5.93313044e-04  6.59983783e-04
 1.40156529e-03  6.96381673e-04  3.06489036e-04
 8.62227447e-05  3.99534898e-05  2.76889238e-05
 8.57054022e-05  4.04926250e-05  2.65658290e-05
 8.31502485e-05  4.42153421e-05  1.35620175e-05
 3.47153585e-05  2.42727887e-05  7.17200004e-06
 3.92757472e-05  2.35752661e-05  1.19788400e-05
 6.14592259e-05  1.84906576e-05  1.24612648e-05
 4.02576259e-04  1.49989930e-04  6.72031402e-05
 1.82465293e-04  5.08268310e-05  3.44784250e-05
 3.45991835e-04  1.18675206e-04  4.11353801e-05
 7.57818499e-05  3.33204864e-05  6.89247100e-06
 1.24296158e-04  2.91900997e-05  1.42224210e-05
 1.59398830e-04  4.67337215e-05  2.57398444e-05
 1.88972199e-04  9.52034727e-05  3.67125866e-05
 3.42735760e-04  1.52791954e-04  4.84428062e-05
 7.42961031e-05  2.46759971e-05  2.02893828e-05
 1.69566547e-04  9.02828773e-05  1.84327757e-05
 4.47903922e-04  1.54177333e-04  7.68406490e-05
 2.36687629e-04  1.21479852e-04  1.22752064e-04
 8.85229790e-03  2.50461557e-03  6.12295194e-04
 3.23171287e-03  3.45602662e-03  1.13162764e-03
 9.68453846e-04  3.35911155e-04  1.57096840e-04
 7.69387259e-04  5.44387016e-04  6.98233500e-05
 1.30795434e-04  8.12535091e-05  4.64821651e-05
 1.61314910e-04  5.23671780e-05  1.54640206e-05
 5.39356445e-04  1.53249416e-04  4.96976961e-05
 2.54316151e-04  1.41704881e-04  4.91149461e-05
 5.54136272e-03  1.04276010e-03  5.33882445e-04
 5.14614703e-03  1.55202195e-03  3.04658286e-04
 2.87615787e-03  8.33133763e-04  3.53647069e-04
 3.05801996e-03  9.67128369e-04  2.08081033e-04
 7.15981865e-04  4.43948383e-04  1.34919320e-04
 1.01503161e-03  2.38480096e-04  1.18377356e-04
 3.69408883e-03  3.45022939e-03  8.85235398e-04
 2.84567317e-04  1.47119666e-04  1.33105836e-04
 4.14518737e-04  3.10771316e-04  9.27180484e-05
 3.31573979e-04  5.60247221e-05  7.35473668e-05
 2.70640792e-04  9.32273512e-05  3.94634142e-05
 1.02260198e-04  3.19060757e-05  1.16193912e-05
 3.96553525e-05  5.44611848e-05  6.44694360e-05
 5.32034426e-05  8.32636616e-05  2.34950482e-05
 7.42929351e-05  1.09289786e-04  2.95448587e-05
 8.06395008e-05  9.06772846e-05  3.23976117e-05
 7.40081964e-05  6.44144406e-05  6.49643719e-05
 1.04389888e-04  2.83463031e-04  8.86909715e-05
 1.26458228e-04  1.63370617e-04  1.94065189e-04
 7.79291257e-05  2.17636106e-04  7.02379410e-05
 7.00376549e-05  2.54172509e-04  1.39082714e-04
 1.31705629e-04  1.25392946e-04  6.78268936e-05
 6.26034954e-05  3.67062110e-04  1.01456341e-04
 5.73158553e-05  3.48605073e-04  8.50516983e-05
 2.96687092e-03  1.90768819e-03  5.36772803e-04
 2.91591823e-04  3.87631283e-04  1.04612409e-04
 4.15003184e-04  2.33754735e-04  8.67047439e-05
 2.32084427e-03  9.17488693e-04  2.97539506e-04
 1.23589465e-03  1.43955912e-03  3.17528385e-04
 2.86112714e-03  1.42245248e-03  3.98148127e-04
 1.80151581e-03  1.35436410e-03  5.47231338e-04
 4.72770355e-04  2.60683261e-04  9.61264757e-05
 5.67678875e-04  1.52138237e-04  1.87691356e-04
 3.72634061e-03  1.48046273e-03  6.63384280e-04
 2.10642779e-03  2.03808780e-03  4.22088417e-04
 1.23946346e-03  6.07622221e-04  2.19645469e-04
 8.60432848e-04  5.50716712e-04  2.63355263e-04
 2.06084784e-04  1.40915199e-04  6.45657915e-05
 6.36153296e-04  3.86264630e-04  1.46284898e-04
 1.56793543e-03  1.78702526e-03  6.04820698e-04
 9.77630346e-04  1.15845437e-03  4.09121909e-04
 8.24321850e-04  8.80089372e-04  3.81058695e-04
 1.30375909e-03  1.89682421e-03  5.19984951e-04
 1.94192550e-04  1.56098231e-04  1.16444850e-04
 3.24819157e-05  5.55959659e-05  2.82269492e-05
 1.13782748e-03  6.02894554e-04  2.97734815e-04
 6.63245990e-04  8.83807833e-04  3.02823770e-04
 4.30630107e-03  6.21330861e-04  2.03629645e-04
 3.87503689e-04  1.18560871e-03  3.98499805e-04
 2.46980401e-03  3.37975996e-04  2.16264319e-04
 2.21209449e-04  9.44738946e-04  2.88445089e-04
 1.53893215e-03  4.81741275e-04  5.31657033e-04
 2.49274795e-04  4.98930018e-04  1.78392033e-04
 5.18521540e-04  1.87188588e-04  1.47290266e-04
 2.09753760e-04  1.41098235e-04  4.01186521e-05
 2.15348390e-04  9.32742231e-05  6.16836064e-05
 1.67951505e-04  1.86767869e-04  1.06270197e-04
 2.82911833e-04  2.02780300e-04  2.63637098e-05
 1.78404707e-04  1.15171120e-04  5.02109994e-05
 2.01319616e-04  2.30699276e-04  1.27182578e-04
 1.95518780e-04  2.36489393e-04  1.19204346e-04
 1.56239231e-04  8.11883378e-05  4.56660982e-05
 1.64127497e-04  1.64362909e-04  8.70190954e-05
 7.72231423e-05  5.32993435e-05  1.96548686e-05
 2.38909609e-05  3.08323067e-05  3.01037302e-05
 3.33221251e-05  4.91500388e-05  2.71103074e-05
 2.12408348e-05  4.88599053e-05  3.21541805e-05
 7.81187002e-05  5.58473097e-05  1.98314965e-05
 3.99046745e-05  2.14299054e-05  2.01479513e-05
